
0.13672 18908 60.528 1573.3 5.0365
0.10937 17730 59.512 866.35 2.9079
0.085938 15722 58.486 340.13 1.2653
0.066406 14524 57.113 155.07 0.60978
0.050781 13197 53.88 63.89 0.26084
0.039062 13059 51.682 46.616 0.18448
0.030273 13452 50.092 22.272 0.08294
0.023437 13428 48.465 18.341 0.066201
0.018555 13879 46.928 16.501 0.055794
0.014648 14510 46.261 14.848 0.047339
0.011719 15509 46.233 22.651 0.067527
0.0097656 15919 47.374 24.279 0.072254
0.0075684 16424 49.114 25.417 0.076009
0.0058594 16353 51.075 28.06 0.087638
0.0046387 16460 54.02 27.061 0.088812
0.0036621 15977 57.523 17.096 0.061552
0.0029297 15129 61.387 17.826 0.072335
0.0024414 14199 63.845 20.105 0.090405
0.0018921 12991 67.4 11.08 0.057484
0.0014648 11128 71.843 12.16 0.078511
0.0011597 9174.1 76.308 11.085 0.0922
0.00091553 7635.3 79.669 10.51 0.10967
0.00073242 6674.4 81.552 13.28 0.16226
0.00061035 5699.3 84.533 10.866 0.16117
0.0004425 4079.4 88.912 3.4555 0.075312
0.00032043 2711.2 87.122 1.827 0.05871
0.00021362 1465 85.769 1.1035 0.064608
0.00013733 952.21 84.961 1.4856 0.13256
8.3923e-05 434.48 81.495 2.7895 0.52323
5.3406e-05 220.03 87.998 6.3481 2.5388
